Statistics on New Operation
	Mean:	1
	Min:	0.99984
	Max:	1
	Variance:	5.17154e-12
	STDDEV:	2.2741e-06

Statistics on Old Operation
	Mean:	0.997727
	Min:	0.994311
	Max:	1
	Variance:	4.17965e-06
	STDDEV:	0.00204442
